Running Attack of the tails with args:
 Namespace(adversarial_local_training_period=1, attack_case='edge-case', attack_method='blackbox', attacker_pool_size=2, attackmathed='AttackerOnepoint', batch_size=8, cuda=True, dataset='ECG5000', defense_method='no-defense', device='cuda', epochs=14, eps=1.0, fl_mode='fixed-freq', fl_round=3, gamma=0.997, local_train_period=1, lr=0.0001, model='fcn', model_replacement=False, no_cuda=False, norm_bound=1.5, num_nets=100, part_nets_per_round=20, poison_type='ardis', project_frequency=10, prox_attack=False, rand_seed=7, seed=1, stddev=0.025, target_class=-1, test_batch_size=1000)
cpu
========================> Building model........................
Seeded everything %d 7
---------------load UCR daset-------------------
load UCR data (500, 140) (4500, 140)
1 [330]
1 [94]
7 [339, 405, 153, 131, 68, 414, 373]
21 [219, 185, 278, 265, 257, 67, 280, 276, 23, 105, 123, 286, 209, 224, 135, 182, 116, 140, 230, 192, 236]
6 [393, 100, 400, 323, 353, 434]
6 [10, 48, 266, 12, 32, 49]
4 [416, 412, 365, 343]
1 [3]
9 [431, 363, 429, 378, 233, 162, 302, 216, 314]
1 [469]
7 [296, 466, 356, 297, 275, 249, 316]
1 [37]
3 [407, 439, 317]
3 [51, 9, 485]
2 [243, 263]
7 [154, 351, 420, 347, 77, 441, 367]
3 [42, 235, 126]
4 [476, 161, 324, 175]
1 [383]
4 [83, 408, 221, 352]
4 [432, 457, 484, 425]
4 [122, 304, 21, 24]
2 [491, 138]
1 [423]
4 [61, 196, 22, 20]
2 [421, 307]
6 [417, 110, 258, 319, 463, 450]
6 [381, 396, 446, 445, 358, 449]
2 [452, 329]
3 [388, 160, 357]
10 [268, 54, 144, 195, 64, 222, 174, 151, 149, 240]
1 [471]
5 [76, 119, 36, 92, 19]
15 [50, 206, 86, 45, 202, 267, 127, 141, 38, 11, 109, 260, 247, 29, 81]
1 [495]
18 [74, 264, 213, 238, 117, 28, 217, 242, 169, 41, 59, 253, 62, 101, 5, 26, 72, 84]
10 [403, 389, 359, 459, 428, 418, 442, 406, 386, 370]
5 [496, 313, 490, 254, 394]
7 [99, 326, 377, 385, 462, 456, 460]
3 [143, 35, 130]
4 [142, 376, 325, 315]
5 [301, 360, 208, 7, 69]
10 [146, 211, 34, 107, 252, 98, 158, 288, 27, 289]
1 [70]
2 [336, 366]
5 [492, 487, 88, 465, 479]
2 [80, 438]
17 [467, 295, 355, 349, 334, 312, 350, 422, 305, 338, 303, 468, 401, 309, 413, 345, 354]
2 [398, 478]
15 [30, 120, 183, 89, 251, 232, 261, 207, 55, 270, 164, 31, 170, 6, 132]
5 [277, 167, 145, 237, 186]
4 [427, 299, 404, 337]
5 [96, 248, 147, 284, 150]
1 [66]
2 [294, 497]
1 [470]
4 [190, 424, 443, 483]
1 [226]
5 [486, 298, 488, 1, 473]
12 [82, 229, 262, 272, 93, 25, 225, 58, 204, 273, 281, 245]
1 [426]
14 [436, 256, 395, 308, 310, 60, 440, 397, 433, 375, 391, 435, 321, 320]
3 [198, 121, 113]
6 [165, 271, 97, 255, 106, 103]
5 [279, 341, 39, 340, 453]
5 [189, 124, 46, 155, 458]
9 [259, 56, 200, 47, 173, 33, 163, 227, 13]
11 [102, 87, 52, 168, 283, 156, 111, 16, 14, 71, 201]
1 [250]
1 [482]
4 [335, 409, 382, 474]
12 [223, 136, 40, 210, 180, 15, 91, 215, 104, 212, 199, 172]
6 [379, 65, 188, 410, 285, 290]
6 [159, 464, 346, 380, 384, 293]
3 [118, 480, 472]
2 [187, 493]
5 [125, 139, 75, 274, 157]
4 [178, 176, 193, 318]
1 [291]
8 [44, 17, 194, 137, 205, 177, 57, 148]
7 [181, 342, 411, 292, 430, 454, 455]
4 [361, 331, 447, 475]
11 [152, 197, 203, 234, 95, 246, 166, 4, 79, 85, 73]
2 [364, 489]
2 [53, 415]
3 [18, 63, 218]
6 [369, 184, 134, 372, 269, 399]
2 [0, 220]
3 [191, 494, 444]
6 [390, 461, 282, 448, 387, 239]
14 [129, 90, 179, 8, 171, 244, 2, 108, 231, 128, 78, 241, 114, 115]
2 [328, 300]
3 [112, 344, 419]
7 [306, 362, 371, 322, 437, 311, 402]
1 [333]
3 [287, 368, 327]
3 [348, 451, 332]
1 [374]
1 [481]
6 [228, 392, 214, 477, 133, 43]
========================load-poisoned-data==================
attack_data label:  [0. 0. 0. 0. 0. 0. 0. 0. 0. 0. 0. 0. 0. 0. 0. 0. 0. 0. 0. 0. 0. 0. 0. 0.
 0. 0. 0. 0. 0. 0. 0. 0. 0. 0. 0. 0. 0. 0. 0. 0. 0. 0. 0. 0. 0. 0. 0. 0.
 0. 0. 0. 0. 0. 0. 0. 0. 0. 0. 0. 0. 0. 0. 0. 0. 0. 0. 0. 0. 0. 0. 0. 0.
 0. 0. 0. 0. 0. 0. 0. 0. 0. 0. 0. 0. 0. 0. 0. 0. 0. 0. 0. 0. 0. 0. 0. 0.
 0. 0. 0. 0. 0. 0. 0. 0. 0. 0. 0. 0. 0. 0. 0. 0. 0. 0. 0. 0. 0. 0. 0. 0.
 0. 0. 0. 0. 0. 0. 0. 0. 0. 0. 0. 0. 0. 0. 0. 0. 0. 0. 0. 0. 0. 0. 0. 0.
 0. 0.]
attack data shape:  torch.Size([146, 141])
dataset, seq_len, n_class, batchsize ECG5000 140 5 16
ConvNet(
  (conv1): Conv2d(1, 128, kernel_size=(7, 1), stride=(1, 1), padding=(3, 0))
  (bn1): BatchNorm2d(128, eps=1e-05, momentum=0.1, affine=True, track_running_stats=True)
  (conv2): Conv2d(128, 256, kernel_size=(5, 1), stride=(1, 1), padding=(2, 0))
  (bn2): BatchNorm2d(256, eps=1e-05, momentum=0.1, affine=True, track_running_stats=True)
  (conv3): Conv2d(256, 128, kernel_size=(3, 1), stride=(1, 1), padding=(1, 0))
  (bn3): BatchNorm2d(128, eps=1e-05, momentum=0.1, affine=True, track_running_stats=True)
  (fc4): Linear(in_features=128, out_features=5, bias=True)
)
Test the model performance on the entire task before FL process ... 
torch.Size([1000, 5]) torch.Size([1000]) cpu cpu
torch.Size([1000, 5]) torch.Size([1000]) cpu cpu
torch.Size([1000, 5]) torch.Size([1000]) cpu cpu
